0 4506 592
0 14982 324
0 20425 10
0 28016 332
1 23871 337
1 23874 15
1 45770 21
1 48458 341
2 23863 18
2 28413 104
2 32330 419
2 48450 205
3 2439 18
3 29194 90
4 3095 75
4 3106 101
5 3094 99
5 3115 131
6 20988 133
6 27138 319
7 398 262
7 3148 299
8 3141 24
8 3646 36
8 11580 18
8 15123 9
9 957 34
9 6435 345
9 11572 177
9 19341 43
9 19575 29
10 11 531
10 19575 329
11 10 531
11 12026 263
12 4486 140
12 11498 357
13 4489 180
13 11504 263
14 3086 148
14 3092 44
14 3102 43
14 25550 12
15 3086 59
15 3088 111
15 3097 295
16 75 170
16 3466 511
16 18157 444
16 65543 48
16 70096 49
17 4469 238
17 4470 131
18 8493 122
18 27421 99
19 20 99
19 4471 3382
20 19 99
20 21 1360
21 20 1360
21 2487 839
22 2461 650
22 2486 839
23 2518 365
23 2520 31
24 2523 19
24 13724 786
25 2528 410
25 13724 611
26 2531 1788
26 4513 1131
27 3356 41
27 4507 854
28 20439 17
28 24206 18
28 24212 225
28 48648 331
29 1192 326
29 20988 322
30 1192 2694
30 17895 242
31 32 833
31 99 523
32 31 833
32 434 173
32 1114 3338
33 3314 92
34 3314 254
34 14808 21
35 26146 454
35 27694 6
36 102 174
36 3200 346
36 3594 21
36 14260 143
37 1973 277
37 5536 261
37 5720 251
38 1966 446
38 6913 16
38 8333 284
38 23227 19
39 9391 86
39 26593 73
40 26591 668
40 26594 16
40 26595 7
41 1987 247
41 14297 127
41 19724 559
41 27323 8
42 27486 421
43 44 405
43 9469 557
43 27486 7
43 27491 511
44 43 405
44 2510 17
44 47555 572
44 48361 511
45 2511 73
45 27422 166
45 27423 198
46 47 433
46 30329 424
46 32526 22
46 51796 370
47 46 433
47 14763 17
47 27719 64
47 31949 726
48 6541 166
48 21894 66
48 23885 9
48 37842 64
49 24209 99
49 48926 227
49 56684 125
50 20444 243
50 23882 354
50 27908 345
51 52 287
51 18334 173
51 30920 352
51 33389 12
52 51 287
52 20210 232
52 20233 7
52 21637 71
53 54 194
53 20223 85
53 25750 82
54 53 194
54 9114 74
54 39720 110
55 11080 11
55 25571 145
56 17986 36
56 18333 235
56 21639 373
56 27670 62
57 15418 176
57 18276 188
57 18277 15
57 18289 16
58 19889 12
58 25586 301
58 25588 18
58 43757 64
59 1228 499
59 3063 26
59 6697 100
59 19770 15
60 2070 178
60 3059 18
60 20229 17
61 2305 56
61 12133 59
61 14156 242
62 25583 23
63 2305 13
63 29954 59
64 14161 231
64 25572 328
64 25574 130
64 66184 187
65 2298 91
65 20264 463
66 2058 285
66 2432 10
66 2444 12
66 21752 692
67 83 334
67 85 162
67 30721 342
68 25501 307
68 26290 166
68 30906 198
69 70 115
69 27683 74
69 51519 131
70 69 115
70 4908 109
71 6144 49
71 6145 522
71 16584 110
72 20965 192
72 29174 451
73 14378 48
73 19907 380
74 919 217
74 3460 173
74 23183 229
75 16 170
75 919 369
75 920 185
75 15379 215
76 85 159
76 25593 346
77 21752 283
77 24382 145
77 24559 13
78 2427 11
78 2449 184
78 3052 375
79 2272 173
79 19727 13
80 23192 265
81 167 234
81 187 185
82 187 178
82 188 244
82 12839 235
82 23192 6
83 67 334
83 12100 145
83 19719 19
83 23183 6
84 85 321
84 12100 202
84 21801 274
84 25185 6
85 67 162
85 76 159
85 84 321
86 101 269
86 188 465
86 12838 237
86 19719 174
87 1824 108
87 2227 135
87 15661 15
87 26287 58
88 368 210
88 9017 66
88 14175 150
88 31013 124
89 11078 11
89 50669 11
89 51146 64
90 194 427
90 17882 35
91 21635 275
91 25758 161
92 93 90
92 17891 227
92 24766 114
93 92 90
93 7109 175
93 17890 45
94 95 170
94 17889 52
94 17892 85
95 94 170
96 2420 257
96 4799 163
96 22351 149
96 25753 10
97 6131 62
97 6135 86
97 24848 299
97 32304 135
98 99 161
98 21806 424
98 24896 284
99 31 523
99 98 161
99 17895 1551
100 1926 190
100 9129 225
100 14163 186
100 14165 205
100 70372 126
101 86 269
101 167 421
102 36 174
103 4058 2260
104 1702 370
104 4056 35
105 4021 66
106 4024 1355
106 4039 60
106 4050 63
107 4024 180
107 51457 444
108 4018 120
108 28345 1829
109 392 401
109 30499 50
110 24746 26
110 24780 80
110 51430 326
110 53499 25
111 24780 322
111 27266 318
111 37014 83
112 3695 110
112 3708 203
113 29096 140
113 61212 367
114 115 217
114 61203 477
115 114 217
115 29088 237
116 1150 527
116 2855 311
117 2856 58
117 22237 421
118 22973 275
118 31957 548
119 7465 345
119 11615 432
119 11616 187
120 121 4522
120 13611 184
120 13617 148
121 120 4522
121 13602 89
122 123 268
122 6364 166
122 13601 240
123 122 268
124 6361 10
124 30247 487
125 7451 18
125 24392 92
125 30248 117
125 30250 169
126 7397 1723
126 7468 12
126 16022 25
127 128 213
127 17207 225
127 31929 91
128 127 213
128 17216 124
129 130 577
129 17216 3660
129 17279 499
130 129 577
130 16065 440
130 17278 178
131 17273 675
131 17275 667
131 27001 2413
132 133 6817
132 22802 769
132 41572 662
133 132 6817
133 16750 336
133 16751 166
134 135 183
134 16750 1588
134 46185 1842
135 134 183
135 16742 1133
136 16741 2516
136 29333 637
136 63341 50
137 16738 195
137 24177 58
137 51842 32
137 63332 19
138 139 21
138 14881 30
139 138 21
139 140 42
139 17120 10
140 139 42
140 16722 88
140 16723 381
141 142 15
141 17128 4093
141 29331 116
142 141 15
142 29332 22
143 16740 708
143 29332 2053
144 16740 5326
144 29335 24
145 146 59
145 16760 59
145 25438 1122
146 145 59
146 147 7
146 16762 15
147 146 7
147 148 57
148 147 57
148 16768 9
149 16613 31
149 16626 684
149 16775 5338
150 151 90
150 16613 71
151 150 90
151 16614 167
152 16643 699
152 16652 39
153 154 145
153 16652 1410
153 16653 15
154 153 145
154 16655 18
155 16661 1156
155 16665 179
155 16667 783
156 16673 259
156 16676 32
156 16679 39
157 16690 35
157 16693 49
157 16700 245
158 12115 188
158 12127 241
158 23112 162
158 24202 11
159 160 854
159 3181 247
159 19902 28
159 30902 12
160 159 854
160 161 60
160 3180 274
161 160 60
161 22476 557
161 65544 184
162 6147 26
162 16584 1226
163 4781 285
163 20244 15
163 33311 18
164 165 182
164 7821 157
164 49584 54
165 164 182
165 21640 106
165 21705 166
165 32477 129
166 7826 224
166 18333 284
166 30918 351
166 33400 115
167 81 234
167 101 421
167 14577 123
168 9113 37
168 17966 655
168 50182 523
169 3152 32
169 16079 171
169 17966 10
169 22701 60
170 17962 9
170 26538 99
170 26539 117
170 30728 7
171 9355 225
171 20289 54
171 26536 64
172 4713 229
172 4776 200
172 4817 192
172 22263 57
173 4776 114
174 20282 8
174 20284 9
174 26533 144
174 66415 120
175 14379 330
175 19824 12
175 19866 12
176 3150 211
176 25547 252
176 28449 396
177 178 63
177 20998 51
177 21027 46
178 177 63
178 20998 30
178 21028 132
179 1925 239
179 9001 136
179 20695 164
179 23201 417
180 184 221
180 1197 106
180 23201 14
180 47032 70
181 184 158
181 1197 235
181 14380 187
181 25018 152
182 11079 125
182 14380 128
182 25018 240
183 4806 11
183 11080 237
183 14380 231
184 180 221
184 181 158
184 25569 399
185 14576 355
185 31661 170
186 12839 323
186 31660 331
186 43752 8
186 68605 23
187 81 185
187 82 178
187 188 255
188 82 244
188 86 465
188 187 255
189 190 122
189 19739 220
189 23178 116
190 189 122
190 12837 81
190 19801 184
191 193 173
191 12837 90
191 12838 83
192 19801 39
193 191 173
193 19750 41
194 90 427
194 17985 131
195 20249 12
195 20274 9
195 29955 49
195 30025 349
196 4465 59
196 30024 11
197 1831 187
197 7227 288
197 19900 11
197 30023 8
198 199 11
198 236 103
198 25358 38
199 198 11
199 200 65
200 199 65
200 202 22
201 202 505
201 206 144
201 19856 11
201 19907 13
202 200 22
202 201 505
202 25017 136
203 204 243
203 25017 112
204 203 243
204 25016 164
205 206 238
205 19868 13
205 25016 66
205 30719 133
206 201 144
206 205 238
206 19869 14
207 28517 63
207 30719 42
208 20595 28
208 25174 152
208 25361 17
208 66137 87
209 20638 9
209 25171 122
209 25360 272
210 25379 43
211 25359 58
212 238 92
213 216 112
213 25585 233
213 25590 73
213 25591 63
214 25591 90
215 25584 84
215 25585 196
215 52665 73
216 213 112
216 18192 205
216 25584 234
217 25174 8
217 70107 62
218 20595 52
218 25172 193
218 25173 354
219 310 59
219 14984 112
219 15438 22
219 56942 111
220 221 313
220 229 8
220 11381 355
220 14987 597
221 220 313
221 226 10
221 11381 280
221 11383 594
222 223 75
222 25172 8
223 222 75
223 224 8
224 223 8
224 225 51
224 231 137
224 30720 213
225 224 51
226 221 10
226 232 37
227 228 169
227 231 352
227 232 8
227 233 211
228 227 169
228 14377 141
228 25177 350
229 220 8
229 230 37
230 229 37
230 231 8
231 224 137
231 227 352
231 230 8
231 25175 226
232 226 37
232 227 8
233 227 211
233 234 49
233 235 80
234 233 49
234 235 46
234 14377 86
235 233 80
235 234 46
235 25179 30
236 198 103
236 237 76
236 25379 408
237 236 76
237 238 188
237 25359 74
238 212 92
238 237 188
239 7819 129
239 7830 139
239 21705 176
240 4814 319
240 19778 14
241 7819 123
241 21704 176
241 21711 48
241 37447 160
242 7819 176
242 21704 125
242 21705 130
242 37446 77
243 248 251
244 245 319
244 7857 177
244 19750 247
244 19777 301
245 244 319
245 246 191
245 248 151
245 249 222
246 245 191
246 7217 204
246 32478 125
247 248 73
248 243 251
248 245 151
248 247 73
249 245 222
249 250 220
249 251 181
250 249 220
250 7821 25
251 249 181
251 32478 43
251 49584 170
251 52186 341
252 253 451
252 19849 11
252 25487 198
253 252 451
253 298 486
253 25484 456
253 56893 58
254 337 270
254 11403 269
254 19817 12
254 65090 9
255 335 157
255 11403 279
255 64835 221
256 257 234
256 281 116
256 19860 13
256 70279 31
257 256 234
257 280 229
257 24821 240
257 24825 14
258 21085 323
258 24823 29
258 47379 104
258 61335 258
259 25541 197
259 47379 443
259 50982 10
260 261 232
260 264 219
260 50982 129
261 260 232
261 262 13
261 269 200
261 21085 552
262 261 13
262 263 239
262 14321 427
262 27315 311
263 262 239
263 14300 202
264 260 219
264 265 239
264 269 284
264 31439 148
265 264 239
265 268 250
266 267 212
267 266 212
267 268 222
267 22314 97
268 265 250
268 267 222
268 269 228
268 14321 15
269 261 200
269 264 284
269 268 228
270 25540 99
270 25541 141
270 31441 108
271 2042 231
271 14797 237
271 31441 8
271 32666 210
272 3178 124
272 31443 8
272 71562 11
273 278 327
273 7811 229
273 24742 40
273 27322 13
274 2041 130
274 14295 130
274 22480 130
275 14301 140
275 26151 201
275 30184 134
275 31442 372
276 14301 140
276 14307 180
276 26152 211
276 27319 12
277 280 210
277 286 66
277 9207 175
277 31962 294
278 273 327
278 14306 103
278 26149 120
278 27321 14
279 2041 223
279 7812 295
279 31443 109
280 257 229
280 277 210
280 281 311
280 9206 217
281 256 116
281 280 311
281 282 10
282 281 10
282 287 16
283 284 153
283 287 205
283 334 233
284 283 153
284 285 161
284 330 139
285 284 161
285 286 20
286 277 66
286 285 20
287 282 16
287 283 205
288 289 144
289 288 144
289 30128 14
290 30127 12
291 25513 106
292 4835 251
292 12120 256
293 25513 197
293 30130 398
294 2064 170
294 30130 11
294 51857 202
295 299 516
295 16220 448
295 24398 23
295 51857 153
295 69023 153
296 17463 133
296 19870 11
297 298 215
297 17463 100
297 17466 121
298 253 486
298 297 215
298 17468 256
299 295 516
299 30019 309
299 61258 66
300 301 320
300 11407 153
300 17470 247
300 24399 13
301 300 320
301 5926 10
301 11406 158
301 31455 11
302 25522 496
302 29115 36
303 25640 13
303 30557 28
304 30556 33
304 30558 36
304 64763 29
304 69860 42
305 306 53
305 30560 37
306 305 53
306 69849 93
307 27810 130
307 27811 172
308 317 145
308 2069 18
308 24745 156
309 310 202
309 14984 79
309 14986 58
310 219 59
310 309 202
310 28601 239
311 19855 14
311 52613 20
311 66117 39
312 316 224
312 25239 162
312 51342 356
312 51429 140
313 25238 132
313 51568 55
313 52613 238
314 315 108
314 27262 131
314 27264 330
315 314 108
315 2065 175
315 2066 141
316 312 224
316 2067 106
316 31963 348
316 65289 148
317 308 145
317 14990 88
317 22479 199
318 319 16
318 11380 268
318 14990 158
319 318 16
319 320 22
320 319 22
320 321 41
321 320 41
322 323 274
322 25238 233
323 322 274
323 324 259
323 1998 311
323 2004 137
323 32080 643
324 323 259
324 325 187
324 329 105
325 324 187
325 326 289
325 1998 263
326 325 289
326 328 285
326 47064 115
327 7312 22
327 27322 163
328 326 285
328 329 92
328 47065 113
329 324 105
329 328 92
329 2006 76
330 284 139
330 331 309
330 31962 312
330 31964 447
331 330 309
331 333 158
331 334 159
331 31965 190
332 343 201
332 25232 178
332 25618 88
332 31966 183
333 331 158
333 20698 365
333 25232 522
334 283 233
334 331 159
334 335 182
334 339 183
335 255 157
335 334 182
335 340 174
336 337 179
336 338 194
336 25618 71
337 254 270
337 336 179
337 20699 191
337 52367 37
338 336 194
338 339 157
338 20699 201
338 31966 158
339 334 183
339 338 157
339 340 212
339 31965 158
340 335 174
340 339 212
340 32663 95
341 5925 419
341 11390 206
341 14303 209
341 14315 232
342 343 164
343 332 201
343 342 164
343 7530 225
343 25619 91
344 346 238
344 9120 207
344 30726 178
345 356 235
345 21001 91
345 30726 9
345 30727 62
346 344 238
346 347 220
347 346 220
347 9120 345
347 22349 47
348 9128 361
348 17686 15
348 22349 133
349 9117 138
349 14137 72
349 22352 6
350 351 268
350 355 159
350 14139 71
351 350 268
351 9075 144
351 24579 94
351 24580 223
352 353 96
352 354 18
352 9118 60
353 352 96
353 355 13
353 13190 12
354 352 18
354 355 82
354 9075 286
355 350 159
355 353 13
355 354 82
356 345 235
356 358 262
356 9075 104
357 362 225
357 21005 73
357 22487 57
357 22703 95
358 356 262
358 359 245
358 361 227
358 21002 130
359 358 245
359 24580 36
359 24581 42
360 361 242
360 24581 187
360 24582 194
360 24585 94
361 358 227
361 360 242
361 21004 56
361 34713 107
362 357 225
362 21004 186
362 22706 72
363 3147 445
363 21006 248
363 21008 232
363 21011 139
364 13402 23
364 21007 340
364 34731 169
365 970 133
365 1915 193
365 26813 102
365 26816 73
366 1909 179
366 20893 64
366 29788 142
366 50012 92
367 1912 228
367 20904 27
367 32913 31
368 88 210
368 1918 185
368 1921 61
369 3077 408
369 14177 54
369 24565 76
370 1907 139
370 9121 82
370 40906 174
371 6691 136
371 19743 18
372 13964 123
373 25030 2
373 43748 77
374 2078 230
374 25030 99
374 25123 65
374 30186 98
375 2701 21
375 22036 142
375 25086 101
376 377 209
376 12598 569
376 32051 229
377 376 209
377 392 348
378 391 350
378 1401 437
379 380 1190
379 30498 58
380 379 1190
380 12601 139
380 12602 260
381 428 336
381 12599 126
381 30497 1102
382 383 56
382 396 644
383 382 56
383 395 63
384 385 68
384 12599 183
385 384 68
385 386 422
386 385 422
386 387 116
387 386 116
387 19387 122
388 391 280
388 30500 71
388 30501 471
389 12597 134
389 12600 163
390 12598 245
390 30756 216
391 378 350
391 388 280
392 109 401
392 377 348
393 394 500
393 30494 575
394 393 500
394 12592 144
395 383 63
395 12601 206
396 382 644
396 24846 97
397 20962 549
398 7 262
398 406 404
398 27140 115
399 400 199
399 20959 547
400 399 199
400 414 95
400 27137 97
401 403 388
402 403 300
402 22323 88
403 401 388
403 402 300
403 404 191
404 403 191
404 405 152
405 404 152
405 406 221
405 415 104
406 398 404
406 405 221
406 407 212
407 406 212
407 3688 36
408 409 224
408 3691 40
409 408 224
409 410 219
409 29005 312
410 409 219
410 411 139
411 410 139
411 412 179
411 416 130
412 411 179
412 413 312
412 414 260
413 412 312
413 6079 556
413 39675 109
414 400 95
414 412 260
415 405 104
416 411 130
417 419 535
417 30200 247
418 435 948
418 436 2483
419 417 535
419 61393 39
420 29174 32
420 29178 386
421 12595 207
421 30500 235
422 423 1148
422 4029 120
423 422 1148
423 30493 184
424 4018 1178
424 50418 156
425 426 766
425 429 164
425 449 3410
426 425 766
426 432 567
427 12608 1038
427 27480 177
427 54196 160
428 381 336
428 12603 58
428 12609 641
429 425 164
429 430 138
429 12604 295
430 429 138
430 12603 127
431 12602 194
431 12604 151
431 12605 172
432 426 567
432 5666 1584
432 7568 98
433 434 143
433 12606 128
434 32 173
434 433 143
434 12607 342
435 418 948
435 1778 414
435 30600 258
436 418 2483
437 438 1198
437 27858 189
437 28443 209
438 437 1198
438 439 58
439 438 58
439 65612 138
440 17934 102
440 17936 33
440 17937 8
441 17933 608
441 17938 73
442 17917 344
442 17924 16
442 17932 15
443 444 111
443 15133 5
443 17934 83
444 443 111
444 70521 16
445 446 59
445 70521 129
446 445 59
446 17903 620
447 17903 829
447 28444 63
447 51866 305
448 27397 49
448 28444 228
449 425 3410
449 56853 285
450 17925 17
450 17928 90
450 30924 89
451 30932 93
451 70464 6
452 453 20
452 30933 98
452 70463 68
452 70464 19
453 452 20
453 454 20
453 30937 98
453 70462 68
454 453 20
454 30936 10
454 30937 110
455 30924 97
455 70462 3
456 30925 90
456 70463 8
457 30926 98
457 30927 115
457 70463 20
457 70464 66
458 17916 14
458 28357 209
458 30506 59
459 17912 89
459 17913 28
459 28359 31
460 461 78
460 463 108
460 17938 76
461 460 78
461 463 82
461 30922 111
462 465 98
462 17931 481
462 30922 14
463 460 108
463 461 82
463 464 18
464 463 18
464 465 158
464 466 116
465 462 98
465 464 158
465 30921 159
466 464 116
467 11503 518
467 12590 580
467 16485 385
468 469 237
468 11502 940
469 468 237
469 470 570
469 525 200
470 469 570
470 471 713
470 480 371
471 470 713
471 12587 658
472 12589 799
472 12591 466
472 68803 145
473 474 509
473 12589 594
473 14067 366
474 473 509
474 11499 50
475 476 252
475 11499 944
476 475 252
476 477 670
476 479 385
477 476 670
477 478 601
477 11524 377
478 477 601
478 12586 659
479 476 385
479 4490 555
480 470 371
480 4490 196
481 12843 135
481 14024 127
481 14025 12
482 12841 272
482 14017 20
483 5670 114
483 14013 126
484 12165 202
484 14001 21
485 14001 289
485 14010 290
485 29637 1427
486 3503 732
486 12849 319
487 488 366
487 51347 52
488 487 366
488 3513 380
488 26853 1010
489 490 40
489 12852 1080
490 489 40
490 491 419
490 12853 204
491 490 419
491 492 139
491 12860 285
492 491 139
492 493 198
493 492 198
493 514 69
494 514 286
494 69147 581
495 12586 278
495 14022 749
496 12840 61
496 12842 143
497 498 116
497 14002 126
498 497 116
498 12163 100
499 500 325
499 13998 21
500 499 325
500 13987 286
500 29638 1393
501 502 715
501 12848 316
502 501 715
502 3509 267
502 3512 231
503 3518 366
503 51350 363
503 52903 1018
504 505 322
504 515 78
504 519 253
505 504 322
505 12868 65
505 12869 68
506 12868 141
506 12872 159
507 1185 161
507 12854 84
507 12859 637
508 12861 168
508 12867 38
509 526 215
509 12867 220
509 21086 1036
510 511 221
510 12864 226
510 34959 1037
511 510 221
511 12866 39
512 513 213
512 518 106
512 12857 578
513 512 213
513 946 786
514 493 69
514 494 286
514 12873 69
515 504 78
515 4773 1089
516 517 497
516 12870 231
516 12871 129
517 516 497
517 518 200
518 512 106
518 517 200
518 519 239
519 504 253
519 518 239
520 12853 250
520 12862 68
520 19170 101
521 522 157
521 12855 219
522 521 157
522 523 46
523 522 46
523 524 127
523 12854 331
524 523 127
524 12872 160
525 469 200
525 11525 239
526 509 215
526 12870 39
527 528 311
527 27829 648
527 39078 360
528 527 311
528 529 49
529 528 49
529 530 1281
530 529 1281
530 547 130
530 2567 242
531 550 297
531 2568 281
531 30565 6723
532 2561 167
532 2562 425
532 12876 1101
533 2558 255
533 2559 397
533 30566 6536
534 535 278
534 1392 3532
535 534 278
535 536 276
535 549 295
536 535 276
536 537 74
536 551 212
537 536 74
537 538 255
537 552 136
538 537 255
538 539 435
538 550 169
539 538 435
539 17956 2411
540 541 784
540 547 361
540 761 2850
541 540 784
541 542 97
541 2563 183
542 541 97
542 1389 3532
543 544 9
543 2568 52
543 2569 56
544 543 9
544 2566 60
544 2567 58
545 546 6
545 2555 58
545 2562 55
546 545 6
546 2556 57
546 2557 57
547 530 130
547 540 361
548 2561 183
548 2563 217
549 535 295
549 2558 117
550 531 297
550 538 169
551 536 212
551 2556 88
552 537 136
552 2569 112
553 2554 130
553 2564 108
554 2565 165
554 2566 161
555 576 682
555 12878 27
556 557 955
556 571 623
556 576 562
557 556 955
557 558 137
557 580 618
558 557 137
558 559 34
559 558 34
559 12880 781
560 561 303
560 12877 26
561 560 303
561 578 515
561 585 1122
562 563 408
562 573 748
562 585 503
563 562 408
563 12879 32
564 574 303
565 579 628
566 575 317
567 569 189
567 570 314
568 569 658
568 574 848
568 27091 396
569 567 189
569 568 658
569 576 969
570 567 314
570 585 691
571 556 623
571 572 319
572 571 319
573 562 748
573 27093 687
574 564 303
574 568 848
575 566 317
575 27093 893
576 555 682
576 556 562
576 569 969
577 578 378
577 583 191
577 27092 693
578 561 515
578 577 378
578 582 270
579 565 628
579 580 338
579 581 535
580 557 618
580 579 338
580 584 468
581 579 535
581 582 149
582 578 270
582 581 149
583 577 191
583 584 154
584 580 468
584 583 154
585 561 1122
585 562 503
585 570 691
586 12882 1410
586 12884 484
587 588 508
587 20084 313
588 587 508
588 597 196
589 590 208
589 1074 807
590 589 208
590 22511 715
590 40207 544
591 12879 795
591 12881 110
592 12881 1384
592 12883 485
593 596 265
593 3311 568
594 1075 803
594 31969 533
595 596 232
595 20117 473
596 593 265
596 595 232
596 12883 130
597 588 196
597 1074 290
597 3313 198
598 1075 334
598 3310 148
598 3311 154
599 3310 213
599 20111 197
600 20091 92
600 20133 129
601 20112 72
601 20120 117
602 20105 86
602 20119 97
603 20116 87
603 20132 87
604 12633 271
604 12636 183
604 71088 1928
605 12624 256
605 12629 272
605 31127 1899
606 12629 56
606 12630 197
607 12631 446
607 12632 138
607 12645 506
608 609 757
608 12645 38
609 608 757
609 610 647
610 609 647
610 611 184
611 610 184
611 26015 562
612 12633 55
612 12634 171
613 614 186
613 26014 647
614 613 186
614 615 664
615 614 664
615 624 2972
616 13135 997
616 26164 115
617 9884 315
617 21904 7
618 620 184
618 9872 168
618 20504 11
618 21904 96
619 9881 329
619 20504 89
619 20537 103
620 618 184
620 9874 95
620 9875 194
620 20537 12
621 22697 140
621 26157 428
621 33648 14
621 40931 345
622 17997 139
622 26242 366
623 5650 433
623 26013 23
624 615 2972
624 625 41
625 624 41
625 27304 1751
626 27303 314
626 27304 430
627 628 72
627 27303 414
628 627 72
628 27305 237
629 630 128
629 27305 1213
630 629 128
630 631 271
631 630 271
631 632 44
632 631 44
632 6933 159
633 634 42
633 26015 3073
634 633 42
634 27306 1447
635 636 313
635 27306 736
636 635 313
636 637 412
637 636 412
637 638 76
638 637 76
638 27302 233
639 640 113
639 27302 1229
640 639 113
640 641 257
641 640 257
641 642 43
642 641 43
642 643 160
643 642 160
643 644 48
644 643 48
644 6930 455
645 646 55
646 645 55
646 647 873
647 646 873
647 648 155
648 647 155
648 649 319
648 3712 467
649 648 319
649 650 218
649 3705 249
650 649 218
650 3708 276
650 16225 61
651 2532 176
651 29643 40
652 2533 315
652 27312 24
653 29137 328
653 29138 115
654 22298 1075
654 29140 542
654 39609 291
655 22298 577
655 26364 33
656 7175 62
656 26364 9
657 7175 189
657 18005 606
658 659 56
658 27084 318
659 658 56
659 6104 794
660 661 99
660 6104 76
661 660 99
661 662 244
662 661 244
662 2061 352
662 3699 177
663 2061 59
663 29642 1214
664 665 57
664 29642 1306
664 67116 51
665 664 57
665 53519 264
666 22315 77
666 26280 189
667 22297 1068
667 29139 601
667 39608 434
668 669 40
668 22297 584
669 668 40
669 26363 10
670 697 234
670 26363 241
671 672 503
671 16451 3754
672 671 503
672 4893 791
673 674 48
673 4882 1431
674 673 48
674 675 377
675 674 377
675 15968 49
676 14372 296
676 15968 181
676 16606 603
677 861 539
677 23094 1784
678 679 41
678 6914 516
679 678 41
679 2809 149
680 681 57
680 22934 88
681 680 57
681 2806 391
682 683 442
682 877 472
682 2791 597
683 682 442
683 868 408
684 2782 70
684 61176 261
685 2782 411
685 29069 157
686 687 524
686 61179 171
687 686 524
687 688 1702
688 687 1702
688 11799 762
688 23100 446
689 11788 186
689 16607 613
689 23095 363
690 11787 358
690 15932 48
691 692 505
691 2341 831
692 691 505
692 16450 3765
693 17959 20
693 17960 20
693 20864 164
694 695 244
694 20282 253
694 20800 169
694 26544 84
695 694 244
695 3682 214
695 3692 196
696 18004 327
696 18005 407
696 30113 99
697 670 234
697 698 388
698 697 388
698 7172 288
699 16075 252
699 30113 593
700 819 820
700 27626 138
701 16076 248
701 30112 694
702 3156 127
702 31464 152
703 704 244
703 6079 151
703 39677 62
704 703 244
704 705 249
705 704 249
705 706 566
705 3127 53
706 705 566
706 707 278
706 3131 82
707 706 278
707 30191 160
708 709 243
708 6092 171
708 39674 99
709 708 243
709 7293 122
710 21647 395
710 30190 249
711 6087 142
711 30366 120
711 32409 51
712 2741 155
712 29659 285
713 714 319
713 28904 585
714 713 319
714 730 121
715 716 137
715 731 200
716 715 137
716 717 1738
716 40049 187
717 716 1738
717 28294 56
717 39687 82
718 749 622
718 5653 83
719 720 419
719 28905 518
720 719 419
720 733 120
721 22328 87
721 22330 1440
721 39684 609
722 754 276
722 983 266
722 28292 139
723 724 154
723 2765 214
724 723 154
724 725 77
725 724 77
725 726 100
725 737 155
726 725 100
726 727 99
727 726 99
727 2764 353
728 734 58
728 736 145
728 2764 79
729 734 87
729 4686 524
730 714 121
730 731 600
730 735 395
731 715 200
731 730 600
731 742 104
732 733 586
732 747 362
732 22328 216
733 720 120
733 732 586
733 740 102
734 728 58
734 729 87
735 730 395
735 736 208
736 728 145
736 735 208
737 725 155
737 738 45
737 741 137
738 737 45
738 739 227
739 738 227
739 740 323
740 733 102
740 739 323
740 744 146
741 737 137
741 742 94
742 731 104
742 741 94
742 746 260
743 744 107
743 745 68
743 2762 166
744 740 146
744 743 107
745 743 68
745 746 227
746 742 260
746 745 227
747 732 362
747 748 252
748 747 252
748 2760 102
749 718 622
749 22307 598
749 48540 236
750 751 82
750 22305 160
751 750 82
751 771 1185
752 768 210
752 771 147
753 766 199
753 769 152
754 722 276
754 22306 643
754 54998 313
755 756 82
755 22304 192
756 755 82
756 770 1154
757 758 468
757 770 172
758 757 468
758 9091 196
759 23991 10
760 26521 155
760 29894 298
761 540 2850
761 34966 151
762 12700 119
762 19123 337
762 31972 335
763 764 961
763 2552 154
763 26519 258
764 763 961
765 2547 241
766 753 199
766 775 82
766 9086 153
767 786 105
767 19118 338
768 752 210
768 769 102
768 785 134
769 753 152
769 768 102
769 784 155
770 756 1154
770 757 172
770 2551 102
771 751 1185
771 752 147
771 2553 155
772 2553 205
772 9092 143
772 19123 126
773 774 107
773 29894 301
774 773 107
774 782 103
774 2546 55
775 766 82
775 2546 206
776 778 49
776 9091 190
777 778 121
777 2547 195
778 776 49
778 777 121
778 779 341
779 778 341
779 9092 95
780 781 145
780 2552 182
781 780 145
781 2551 74
782 774 103
782 783 92
783 782 92
783 2550 264
784 769 155
784 26520 322
785 768 134
786 767 105
786 787 771
787 786 771
787 788 53
788 787 53
788 22286 30
789 807 100
789 16087 43
789 22287 228
790 2543 600
790 16278 227
791 16278 165
791 16281 78
791 26526 152
792 793 107
792 26526 142
793 792 107
793 26528 651
794 795 55
794 26528 83
795 794 55
795 22285 41
796 12758 20
796 12760 288
796 23315 14
796 49282 93
797 798 12
797 9326 359
797 12753 25
797 23315 360
798 797 12
798 12751 34
798 12752 26
798 19116 239
798 31004 34
798 47553 155
799 2542 123
799 30574 54
799 31004 161
800 12745 85
800 30573 343
801 12723 62
801 30574 742
802 12715 50
802 22271 95
803 8588 69
803 22271 192
804 8587 35
804 31973 205
805 9312 25
806 9195 284
806 12709 29
807 789 100
807 830 55
808 830 97
808 28453 183
809 810 164
809 833 18
810 809 164
810 5644 97
810 24606 611
811 834 241
811 19142 269
811 24606 1499
812 19142 323
812 29048 370
813 27627 337
813 31464 214
814 815 103
814 22283 155
815 814 103
815 816 103
815 28454 256
816 815 103
816 56857 144
817 835 54
817 16092 220
818 25939 326
818 29050 286
819 700 820
819 3157 336
819 24647 219
820 839 328
820 13231 9
820 28450 100
821 822 62
821 836 156
821 28450 237
822 821 62
822 837 158
822 13227 98
823 840 822
823 13227 232
823 13228 315
824 825 781
824 13226 277
824 28454 370
825 824 781
825 922 2097
826 827 58
826 13226 106
826 51757 148
827 826 58
827 13229 156
827 28451 238
828 838 307
828 13230 20
828 28451 83
829 25939 211
829 26530 173
829 29049 213
830 807 55
830 808 97
830 838 285
831 832 62
831 13229 160
831 28453 52
832 831 62
832 836 141
832 56858 43
833 809 18
833 839 279
833 2535 163
834 811 241
834 844 218
835 817 54
835 13228 245
835 28452 241
836 821 156
836 832 141
837 822 158
838 828 307
838 830 285
839 820 328
839 833 279
840 823 822
840 923 2081
841 3163 77
842 3167 123
842 19138 77
842 19139 77
843 3166 257
843 29049 219
844 834 218
844 845 216
845 844 216
845 19139 169
846 27691 16
847 27686 41
848 851 466
848 26144 990
848 27686 262
849 850 785
849 26144 3
850 849 785
850 27684 262
850 54840 380
851 848 466
851 24680 169
851 24681 502
852 24681 212
852 24682 562
853 18682 42
853 27684 80
853 27685 176
854 2810 43
854 6915 511
855 856 57
855 2807 164
856 855 57
856 27482 100
857 2792 393
857 8846 267
858 871 365
858 8846 402
859 860 395
859 2783 78
860 859 395
860 61166 281
861 677 539
861 29076 179
862 31220 28
862 55965 13
862 61204 673
863 864 961
863 873 383
863 24230 14
864 863 961
864 1025 2176
864 2790 321
865 866 822
865 874 398
865 1024 2118
866 865 822
866 867 195
866 879 320
867 866 195
867 872 307
867 24231 10
868 683 408
868 869 177
868 882 356
869 868 177
869 8840 296
870 2788 207
870 2789 206
870 61171 801
871 858 365
871 881 288
871 2788 213
872 867 307
872 2789 176
873 863 383
873 876 104
874 865 398
874 8845 128
875 876 156
875 8845 285
876 873 104
876 875 156
877 682 472
877 878 92
877 2790 113
878 877 92
878 879 199
879 866 320
879 878 199
880 881 349
880 882 224
881 871 288
881 880 349
882 868 356
882 880 224
883 25286 30
883 29902 406
883 31426 168
883 31427 85
884 14265 163
884 24636 10
884 30263 209
884 66444 185
885 13513 554
885 30264 49
885 72260 21
886 30261 35
886 30262 5
887 20635 8
887 69283 37
888 889 413
888 22121 347
888 31050 188
889 888 413
889 14285 27
889 24632 99
889 24633 128
890 891 79
890 22120 189
891 890 79
891 892 84
891 22121 211
892 891 84
892 22123 151
893 894 71
893 24626 104
894 893 71
894 18690 286
894 18693 141
895 1575 220
895 3062 51
895 27494 50
896 1761 429
896 19776 25
897 22050 125
897 25414 209
897 25598 12
897 27329 10
898 19798 12
898 22053 266
898 32826 262
898 33104 18
899 2028 241
899 3606 16
899 3607 296
899 29911 8
900 901 188
900 3606 243
900 9445 139
900 26589 9
901 900 188
901 902 20
901 9389 170
901 26590 10
902 901 20
902 19731 86
903 907 429
903 1947 388
903 9381 76
904 905 60
904 24807 10
905 904 60
905 24806 6
906 9445 196
907 903 429
907 24113 137
907 24810 95
908 30377 10
909 910 36
909 9991 226
909 9992 307
910 909 36
911 912 26
911 15379 289
911 18157 74
912 911 26
912 913 96
912 3465 98
913 912 96
913 914 187
913 14457 231
913 15379 232
914 913 187
914 915 236
915 914 236
915 916 149
915 14456 93
915 25181 175
916 915 149
916 21802 106
917 21801 190
917 21803 239
917 37669 8
918 12098 207
918 14457 226
918 18330 219
919 74 217
919 75 369
920 75 185
921 997 203
921 3205 109
921 17664 384
922 825 2097
922 926 202
922 997 416
923 840 2081
923 924 104
923 927 455
924 923 104
925 926 231
925 1126 167
925 1127 251
925 66401 187
926 922 202
926 925 231
927 923 455
927 928 202
928 927 202
928 17663 388
929 1172 25
929 10421 22
929 20358 13
929 32395 536
930 931 149
930 933 48
930 974 236
931 930 149
931 932 49
931 945 72
932 931 49
932 937 65
932 941 112
933 930 48
933 943 145
933 944 74
934 935 13
934 938 19
935 934 13
935 936 47
935 939 32
936 935 47
936 942 88
936 943 65
937 932 65
937 938 22
937 939 24
938 934 19
938 937 22
938 945 30
939 935 32
939 937 24
939 940 75
940 939 75
940 941 42
940 942 63
941 932 112
941 940 42
941 942 187
942 936 88
942 940 63
942 941 187
943 933 145
943 936 65
943 944 68
944 933 74
944 943 68
944 945 19
945 931 72
945 938 30
945 944 19
946 513 786
946 15476 2038
947 5450 407
947 19378 695
947 19497 18
948 949 484
948 3570 647
948 3581 332
949 948 484
949 3577 284
949 20292 24
950 3574 611
950 20292 323
950 26854 286
951 12784 456
951 15024 242
952 5142 337
952 5263 290
952 5279 386
952 14228 14
953 5081 20
953 22730 512
953 67185 17
954 5149 441
954 5159 412
954 5278 286
954 33495 16
955 2218 391
955 5470 661
955 28605 15
955 48866 68
956 20422 16
956 21681 234
956 37411 543
956 49234 17
957 9 34
957 5784 273
957 6434 346
957 11575 350
957 19560 27
958 959 38
958 4308 56
958 19721 79
958 41077 86
959 958 38
959 960 79
959 4300 132
959 25669 24
960 959 79
960 961 54
961 960 54
961 4307 82
961 19974 429
962 7088 113
962 22717 66
962 41077 134
963 1870 126
963 1871 45
963 5728 121
963 19974 13
964 1871 165
964 4318 115
964 5730 223
965 20373 142
965 24712 51
965 41069 131
966 967 64
966 970 166
966 1915 461
966 24758 108
967 966 64
967 968 217
967 971 148
968 967 217
968 969 29
968 971 38
969 968 29
969 970 72
969 973 244
970 365 133
970 966 166
970 969 72
971 967 148
971 968 38
971 972 39
972 971 39
973 969 244
973 26815 14
973 26817 77
974 930 236
974 975 49
975 974 49
975 22735 245
976 19650 229
976 27556 152
976 33097 29
976 54414 346
977 6062 246
977 10462 487
977 27172 10
977 29628 264
978 19129 51
978 19130 54
978 30143 57
979 30144 1404
979 30147 64
979 30148 90
980 1076 217
980 19124 205
981 5651 193
981 28294 99
982 5658 260
982 9089 193
983 722 266
983 5658 298
984 2537 1260
984 16069 57
985 23991 425
985 25770 331
986 9608 22
986 22181 299
986 28388 698
987 8276 38
987 8343 286
987 9612 16
987 22181 429
988 989 16
988 8276 125
989 988 16
989 5635 19
989 20378 315
989 24980 65
990 991 961
990 17663 209
991 990 961
991 992 130
992 991 130
992 2613 14
992 2625 160
993 994 983
993 17664 195
994 993 983
994 995 128
994 2592 24
995 994 128
995 2609 162
996 2606 171
996 2623 77
996 54397 50
997 921 203
997 922 416
998 999 209
998 2589 48
999 998 209
999 1073 175
1000 2615 50
1000 5695 342
1000 24735 323
1000 26479 21
1001 7044 10
1001 31727 457
1001 33073 8
1001 51204 289
1002 15158 276
1002 32384 270
1002 32589 276
1002 50365 124
1003 21575 8
1003 32597 138
1003 44020 15
1004 10162 52
1004 21583 282
1005 1006 420
1005 10161 250
1005 31983 233
1005 44083 7
1006 1005 420
1006 1015 236
1006 21575 235
1006 23390 9
1007 15169 191
1007 19481 50
1007 32373 225
1007 50367 356
1008 1009 494
1008 15181 151
1008 21573 212
1008 31987 311
1009 1008 494
1009 10345 407
1009 32591 305
1009 37200 380
1010 10359 411
1010 10360 396
1010 23893 10
1010 32591 192
1011 1012 496
1011 4229 385
1011 10345 400
1011 10347 471
1012 1011 496
1012 7708 477
1012 10333 487
1012 32019 407
1013 15923 274
1013 31709 13
1013 31988 243
1013 37212 222
1014 7554 16
1014 10176 236
1014 37209 292
1014 51184 9
1015 1006 236
1015 10362 342
1015 15157 323
1015 37207 161
1016 15955 128
1016 23659 17
1016 24252 105
1016 32929 148
1017 1019 167
1017 1022 495
1017 31710 15
1017 45079 213
1018 15944 378
1018 15963 101
1018 15964 274
1018 24251 79
1019 1017 167
1019 15955 201
1019 15962 132
1019 24250 86
1020 1021 564
1020 11816 836
1020 32599 351
1020 51177 9
1021 1020 564
1022 1017 495
1022 15943 388
1022 31712 14
1022 43318 309
1023 2887 303
1023 30343 256
1023 32934 10
1023 72226 11
1024 865 2118
1024 2880 973
1025 864 2176
1025 2882 994
1026 4967 11
1026 24229 635
1026 31488 600
1027 4960 145
1027 31437 583
1027 31484 6
1027 65065 458
1028 23682 46
1028 23685 25
1029 1037 161
1029 20575 255
1029 31990 638
1029 48750 13
1030 2877 491
1030 30884 394
1030 45189 159
1031 1036 204
1031 1037 199
1031 30772 176
1031 42186 70
1032 1033 79
1032 1034 56
1033 1032 79
1033 1038 193
1033 20575 20
1034 1032 56
1034 1035 334
1034 4950 700
1034 45200 195
1035 1034 334
1035 1036 39
1035 1038 81
1036 1031 204
1036 1035 39
1036 1037 176
1037 1029 161
1037 1031 199
1037 1036 176
1037 45199 57
1038 1033 193
1038 1035 81
1039 1040 81
1039 1041 187
1040 1039 81
1040 24342 6
1041 1039 187
1041 27299 75
1041 27300 1000
1042 24503 55
1042 31055 162
1042 31056 75
1043 1044 639
1044 1043 639
1044 26221 804
1045 1046 1229
1045 25344 42
1045 65265 53
1046 1045 1229
1046 53832 30
1047 1048 29
1047 24499 279
1047 24500 97
1048 1047 29
1048 31415 7
1049 24503 362
1049 24504 227
1049 31415 451
1050 24497 309
1050 24498 169
1050 24499 471
1051 8884 43
1051 19026 481
1052 27753 15
1052 27763 24
1052 54899 149
1052 54900 13
1052 54902 117
1053 28687 9
1053 54905 100
1053 64895 280
1054 1055 31
1054 6237 252
1055 1054 31
1055 64691 125
1056 8826 429
1056 39233 215
1056 64957 187
1057 1058 73
1057 1210 1515
1058 1057 73
1058 66129 20
1059 19037 98
1059 31045 9
1059 70938 12
1059 70943 14
1060 19032 439
1060 19033 203
1060 31044 8
1060 70943 170
1061 19033 191
1061 19036 360
1061 25349 253
1062 3264 85
1062 19041 211
1062 31044 301
1062 31046 137
1063 14837 214
1063 14838 152
1063 14840 106
1063 22498 254
1063 68997 298
1064 22498 242
1064 26039 129
1064 26040 106
1065 1066 76
1065 26039 132
1066 1065 76
1066 1068 14
1066 40148 8
1067 14834 103
1068 1066 14
1068 1069 128
1069 1068 128
1069 20792 8
1070 20550 424
1070 22696 243
1070 40930 638
1071 22696 866
1072 1073 103
1072 17663 175
1073 999 175
1073 1072 103
1074 589 807
1074 597 290
1075 594 803
1075 598 334
1076 980 217
1076 20314 20
1077 25715 15
1078 24701 430
1078 24702 134
1079 23247 9428
1079 28520 576
1079 43781 408
1080 1081 7254
1080 28519 757
1080 57029 148
1081 1080 7254
1081 5944 33
1082 5952 2117
1082 25348 2567
1083 1084 6475
1083 5964 42
1084 1083 6475
1084 1085 10712
1084 64027 254
1085 1084 10712
1086 31697 283
1086 31701 7
1086 32396 578
1086 33502 10
1087 22104 192
1087 22105 79
1087 30213 75
1088 21231 136
1088 21233 104
1088 35566 255
1088 35569 92
1089 19984 9
1089 32003 279
1089 32004 452
1090 14844 390
1090 20011 6
1090 20019 8
1090 21254 102
1091 21251 54
1091 30175 32
1091 35635 93
1092 1094 100
1092 1099 85
1092 21251 62
1092 35632 84
1093 21248 55
1093 21249 31
1093 35621 182
1094 1092 100
1094 21248 34
1094 32009 153
1095 1096 301
1095 32011 267
1096 1095 301
1096 1097 67
1097 1096 67
1097 32010 15
1097 35601 91
1097 69117 67
1098 2387 330
1098 35621 4
1098 35622 23
1099 1092 85
1099 21250 18
1099 32009 122
1099 35632 10
1100 21245 39
