0 1 114
0 4310 418
1 0 114
1 4307 178
2 3 143
2 3967 450
3 2 143
3 3968 102
3 3977 239
3 3987 109
4 5 53
4 38 80
4 1436 97
5 4 53
5 1435 115
5 5009 78
6 7 77
6 8 119
6 982 409
6 1021 49
7 6 77
7 10 716
7 983 455
7 65371 424
8 6 119
8 9 574
9 8 574
9 10 53
9 1022 384
10 7 716
10 9 53
11 12 26
11 13 200
11 3047 215
12 11 26
12 15 228
12 16 196
13 11 200
13 14 42
13 3211 82
14 13 42
15 12 228
15 17 218
15 3045 34
15 3057 207
16 12 196
16 17 146
17 15 218
17 16 146
18 19 36
18 2003 10
19 18 36
19 2002 9
20 21 663
20 1326 170
21 20 663
21 22 98
21 1153 219
22 21 98
22 5045 61
22 5047 195
23 24 13
23 1696 177
24 23 13
24 1702 27
24 1703 52
25 26 107
25 4534 89
25 4540 200
26 25 107
26 4564 211
26 4594 101
27 28 64
27 4998 26
28 27 64
28 29 99
28 48253 188
29 28 99
29 30 88
29 3889 99
29 48254 189
30 29 88
30 31 90
30 3891 100
31 30 90
32 33 107
32 34 188
32 4130 200
32 4145 99
33 32 107
33 35 191
33 3677 90
33 4118 200
34 32 188
34 35 97
34 4147 106
35 33 191
35 34 97
35 3675 52
36 37 233
36 172 140
37 36 233
37 215 8
38 4 80
39 40 140
39 176 255
39 239 115
40 39 140
40 41 140
40 174 255
41 40 140
41 42 244
42 41 244
42 43 144
42 174 140
43 42 144
43 44 99
43 131 280
44 43 99
44 45 165
45 44 165
45 46 423
45 141 311
46 45 423
46 47 211
46 85 277
46 93 412
47 46 211
47 48 133
47 120 61
48 47 133
48 49 420
48 50 88
49 48 420
50 48 88
50 51 231
50 52 55
51 50 231
52 50 55
52 128 75
53 54 77
53 55 321
53 56 189
54 53 77
54 62 99
55 53 321
55 56 296
56 53 189
56 55 296
56 58 88
57 58 198
58 56 88
58 57 198
58 59 41
59 58 41
60 61 140
61 60 140
61 62 88
62 54 99
62 61 88
62 74 297
63 64 93
63 122 411
64 63 93
64 65 66
64 66 293
65 64 66
66 64 293
66 67 46
66 122 179
67 66 46
67 68 94
67 69 144
68 67 94
69 67 144
69 70 46
69 96 157
70 69 46
70 71 82
70 96 191
71 70 82
71 72 22
71 76 77
72 71 22
72 73 100
72 83 264
73 72 100
73 74 66
73 82 256
74 62 297
74 73 66
74 75 44
75 74 44
76 71 77
76 77 156
76 78 67
77 76 156
78 76 67
78 79 305
78 93 462
79 78 305
79 80 189
79 84 297
80 79 189
80 81 289
81 80 289
81 84 200
82 73 256
82 83 100
83 72 264
83 82 100
84 79 297
84 81 200
85 46 277
85 86 111
85 141 421
86 85 111
86 87 239
86 162 385
87 86 239
87 88 90
88 87 90
88 89 421
89 88 421
89 90 115
89 4974 266
90 89 115
90 91 155
90 92 338
91 90 155
92 90 338
92 99 124
93 46 412
93 78 462
93 95 22
94 95 133
94 96 190
94 119 206
94 121 68
95 93 22
95 94 133
95 119 257
96 69 157
96 70 191
96 94 190
97 98 54
97 3965 140
97 4891 197
98 97 54
98 4062 52
99 92 124
100 101 352
101 100 352
101 152 228
102 103 504
102 165 42
103 102 504
103 104 113
104 103 113
104 4975 36
105 106 116
105 136 24
106 105 116
106 107 289
107 106 289
107 108 6
108 107 6
109 110 66
109 111 169
109 113 219
110 109 66
110 114 46
111 109 169
111 112 78
112 111 78
113 109 219
113 116 300
114 110 46
114 115 77
115 114 77
115 156 32
116 113 300
117 118 42
117 149 49
118 117 42
118 156 157
119 94 206
119 95 257
119 120 148
120 47 61
120 119 148
120 134 67
121 94 68
121 123 50
121 134 355
122 63 411
122 66 179
122 123 116
123 121 50
123 122 116
123 126 57
124 125 284
124 127 348
124 129 27
125 124 284
125 126 116
125 135 283
126 123 57
126 125 116
126 127 244
127 124 348
127 126 244
128 52 75
128 129 27
128 135 178
129 124 27
129 128 27
129 130 69
130 129 69
131 43 280
131 132 822
131 175 100
131 248 214
132 131 822
132 133 379
132 167 111
132 249 339
133 132 379
133 142 173
134 120 67
134 121 355
134 135 22
135 125 283
135 128 178
135 134 22
136 105 24
136 157 117
137 138 286
137 152 534
138 137 286
138 139 267
138 158 112
138 166 158
139 138 267
139 140 280
139 163 11
140 139 280
140 144 79
141 45 311
141 85 421
141 164 133
142 133 173
142 143 41
142 187 300
143 142 41
143 163 372
144 140 79
144 145 14
145 144 14
146 147 63
146 153 14
147 146 63
147 148 166
148 147 166
148 149 101
148 4895 89
149 117 49
149 148 101
149 4894 188
150 151 74
150 156 45
151 150 74
151 153 227
152 101 228
152 137 534
153 146 14
153 151 227
153 154 61
154 153 61
154 155 13
155 154 13
155 225 39
156 115 32
156 118 157
156 150 45
157 136 117
157 4975 42
158 138 112
158 159 287
158 177 56
159 158 287
159 160 188
160 159 188
160 161 41
161 160 41
162 86 385
162 163 25
163 139 11
163 143 372
163 162 25
164 141 133
165 102 42
165 182 152
166 138 158
166 173 464
167 132 111
167 168 255
167 254 115
168 167 255
168 169 66
168 323 123
169 168 66
169 170 272
169 172 222
170 169 272
170 171 244
171 170 244
172 36 140
172 169 222
172 173 375
172 184 168
173 166 464
173 172 375
174 40 255
174 42 140
174 176 149
175 131 100
175 176 44
175 241 107
176 39 255
176 174 149
176 175 44
177 158 56
177 5014 51
178 179 165
178 180 15
178 182 165
179 178 165
179 186 421
180 178 15
181 182 18
181 5014 320
182 165 152
182 178 165
182 181 18
182 183 202
183 182 202
183 216 378
184 172 168
184 185 355
184 188 256
184 190 120
185 184 355
185 186 41
186 179 421
186 185 41
187 142 300
188 184 256
188 189 100
188 4919 215
189 188 100
190 184 120
190 215 223
191 192 69
191 834 319
192 191 69
192 514 126
193 194 236
193 514 192
194 193 236
194 195 383
195 194 383
195 196 198
195 200 197
196 195 198
196 197 658
196 1148 438
196 1151 315
197 196 658
197 199 644
197 1148 236
198 199 464
198 200 305
198 1149 89
199 197 644
199 198 464
200 195 197
200 198 305
200 1151 247
201 202 328
201 1150 437
202 201 328
202 203 450
202 1147 727
203 202 450
203 204 1651
203 1146 1285
204 203 1651
204 205 41
204 206 671
205 204 41
206 204 671
207 208 393
208 207 393
208 209 1387
208 230 294
209 208 1387
209 210 77
209 226 1133
210 209 77
210 221 33
211 212 772
211 237 236
212 211 772
212 213 299
212 488 100
212 490 155
213 212 299
213 214 1163
214 213 1163
214 832 311
215 37 8
215 190 223
215 232 23
215 325 115
216 183 378
216 217 160
216 221 316
217 216 160
217 218 176
217 228 212
218 217 176
218 219 136
218 228 166
219 218 136
219 220 24
220 219 24
220 225 217
221 210 33
221 216 316
222 223 305
223 222 305
223 224 211
224 223 211
224 225 107
225 155 39
225 220 217
225 224 107
226 209 1133
226 227 75
227 226 75
227 4918 480
228 217 212
228 218 166
228 229 88
229 228 88
230 208 294
231 232 245
232 215 23
232 231 245
232 235 919
233 234 100
233 236 100
234 233 100
234 237 44
235 232 919
235 236 155
235 324 166
235 477 186
236 233 100
236 235 155
237 211 236
237 234 44
238 239 91
238 242 300
238 246 99
239 39 115
239 238 91
239 241 288
240 551 278
240 577 282
241 175 107
241 239 288
241 242 99
242 238 300
242 241 99
242 247 99
242 248 100
243 244 144
244 243 144
244 245 57
244 259 99
245 244 57
245 246 99
245 258 299
246 238 99
246 245 99
246 247 300
247 242 99
247 246 300
247 258 91
248 131 214
248 242 100
248 251 157
249 132 339
249 250 41
249 253 122
250 249 41
250 251 822
250 268 66
251 248 157
251 250 822
251 257 53
252 253 107
252 254 107
252 322 256
253 249 122
253 252 107
253 270 256
254 167 115
254 252 107
254 323 255
255 256 88
255 262 69
255 293 222
256 255 88
256 300 33
256 5056 88
257 251 53
257 5056 179
257 5057 54
258 245 299
258 247 91
259 244 99
259 260 89
259 276 91
260 259 89
260 261 197
260 4969 53
261 260 197
261 262 23
261 4969 191
262 255 69
262 261 23
263 264 246
263 265 24
263 868 158
264 263 246
264 267 23
264 845 340
265 263 24
265 266 101
265 806 54
265 862 163
266 265 101
266 267 134
267 264 23
267 266 134
267 638 807
267 639 396
268 250 66
268 269 377
268 343 99
269 268 377
269 270 99
269 334 27
270 253 256
270 269 99
270 322 107
270 338 300
271 272 99
271 277 133
272 271 99
272 273 44
273 272 44
273 281 86
274 275 49
275 274 49
275 276 146
276 259 91
276 275 146
276 294 41
277 271 133
277 278 100
277 281 99
277 302 132
278 277 100
278 279 149
278 301 132
279 278 149
279 280 100
279 293 102
280 279 100
280 281 49
280 294 107
281 273 86
281 277 99
281 280 49
282 283 211
282 292 100
282 359 158
283 282 211
283 284 306
283 347 74
284 283 306
284 285 67
285 284 67
285 286 60
285 316 135
286 285 60
286 315 104
287 288 319
287 289 47
287 300 88
288 287 319
289 287 47
289 290 94
289 299 133
290 289 94
290 291 140
290 298 133
291 290 140
291 292 107
291 295 133
292 282 100
292 291 107
292 296 344
292 355 114
293 255 222
293 279 102
293 294 88
294 276 41
294 280 107
294 293 88
295 291 133
295 296 236
295 297 24
296 292 344
296 295 236
296 303 88
297 295 24
297 298 123
298 290 133
298 297 123
298 299 92
299 289 133
299 298 92
300 256 33
300 287 88
300 315 409
301 278 132
301 302 100
302 277 132
302 301 100
302 303 132
303 296 88
303 302 132
303 351 231
304 305 77
304 316 294
304 347 125
305 304 77
305 306 200
305 414 125
306 305 200
306 307 107
306 350 200
306 415 107
307 306 107
307 308 56
307 312 240
308 307 56
308 309 100
308 311 232
309 308 100
309 310 248
310 309 248
310 311 100
311 308 232
311 310 100
311 312 55
312 307 240
312 311 55
312 313 115
313 312 115
313 314 34
313 346 389
314 313 34
314 315 411
314 317 66
315 286 104
315 300 409
315 314 411
315 321 115
316 285 135
316 304 294
317 314 66
317 318 41
317 345 377
318 317 41
318 319 101
318 343 57
319 318 101
319 320 100
319 341 117
320 319 100
320 321 211
320 340 123
321 315 115
321 320 211
321 4889 77
322 252 256
322 270 107
322 323 123
322 336 289
323 168 123
323 254 255
323 322 123
323 335 289
324 235 166
324 331 11
325 215 115
325 326 132
325 334 433
326 325 132
326 327 132
326 344 422
327 326 132
327 328 355
327 346 422
328 327 355
328 332 94
329 330 55
329 333 135
330 329 55
330 331 55
331 324 11
331 330 55
332 328 94
332 333 38
333 329 135
333 332 38
333 348 406
333 436 22
334 269 27
334 325 433
334 342 75
335 323 289
336 322 289
336 337 57
336 338 115
337 336 57
338 270 300
338 336 115
338 339 66
339 338 66
340 320 123
340 341 122
341 319 117
341 340 122
342 334 75
342 343 389
342 344 58
343 268 99
343 318 57
343 342 389
344 326 422
344 342 58
344 345 41
345 317 377
345 344 41
345 346 82
346 313 389
346 327 422
346 345 82
346 349 50
347 283 74
347 304 125
347 362 130
348 333 406
348 350 204
348 424 75
349 346 50
350 306 200
350 348 204
350 418 107
351 303 231
351 356 189
352 353 16
352 354 93
352 369 78
353 352 16
353 367 84
354 352 93
354 355 104
354 365 73
355 292 114
355 354 104
355 359 204
356 351 189
356 357 122
356 372 247
357 356 122
357 358 174
357 360 144
357 373 239
358 357 174
359 282 158
359 355 204
359 362 177
359 364 109
360 357 144
360 361 158
360 368 154
360 376 239
361 360 158
362 347 130
362 359 177
362 366 99
362 414 200
363 364 88
363 365 88
363 370 126
364 359 109
364 363 88
364 366 133
364 371 187
365 354 73
365 363 88
365 369 107
366 362 99
366 364 133
366 416 200
366 420 107
367 353 84
367 368 44
367 383 174
368 360 154
368 367 44
368 379 71
369 352 78
369 365 107
369 370 91
370 363 126
370 369 91
370 371 181
371 364 187
371 370 181
371 385 47
372 356 247
372 373 133
372 374 152
373 357 239
373 372 133
373 375 157
373 376 134
374 372 152
374 375 134
374 515 195
375 373 157
375 374 134
375 409 144
375 517 189
376 360 239
376 373 134
376 377 149
376 409 139
377 376 149
377 378 51
377 411 45
378 377 51
378 379 107
378 407 187
379 368 71
379 378 107
379 406 182
380 381 208
380 383 211
380 408 82
381 380 208
381 382 24
381 390 206
381 392 124
381 394 240
382 381 24
382 384 19
383 367 174
383 380 211
383 406 99
384 382 19
384 385 196
384 405 204
384 442 30
385 371 47
385 384 196
385 419 35
386 387 222
386 403 181
386 580 111
386 581 107
387 386 222
387 388 611
387 448 34
388 387 611
388 389 135
388 447 296
389 388 135
389 404 27
390 381 206
390 391 83
391 390 83
391 392 200
392 381 124
392 391 200
392 393 41
392 394 200
393 392 41
394 381 240
394 392 200
394 395 107
394 407 200
394 408 91
395 394 107
395 396 107
395 412 200
396 395 107
396 397 200
396 413 202
396 532 83
397 396 200
397 398 57
397 399 100
397 578 99
398 397 57
399 397 100
399 400 100
399 579 206
400 399 100
400 401 57
401 400 57
401 402 74
402 401 74
402 403 83
403 386 181
403 402 83
403 579 100
404 389 27
404 405 103
404 431 719
405 384 204
405 404 103
405 427 75
406 379 182
406 383 99
406 407 107
406 408 211
407 378 187
407 394 200
407 406 107
407 412 99
408 380 82
408 394 91
408 406 211
409 375 144
409 376 139
409 410 141
409 524 206
410 409 141
410 411 94
410 413 200
410 527 100
411 377 45
411 410 94
411 412 194
412 395 200
412 407 99
412 411 194
412 413 99
413 396 202
413 410 200
413 412 99
413 531 107
414 305 125
414 362 200
414 415 211
414 416 98
415 306 107
415 414 211
415 417 99
415 418 200
416 366 200
416 414 98
416 417 200
416 421 107
417 415 99
417 416 200
417 422 115
417 423 211
418 350 107
418 415 200
418 423 90
418 424 200
419 385 35
419 420 34
419 443 197
420 366 107
420 419 34
420 421 200
421 416 107
421 420 200
421 422 200
421 443 51
422 417 115
422 421 200
422 426 200
422 427 99
423 417 211
423 418 90
423 425 200
423 426 99
424 348 75
424 418 200
424 425 107
424 437 111
425 423 200
425 424 107
425 429 99
425 438 111
426 422 200
426 423 99
427 405 75
427 422 99
427 428 400
427 442 211
428 427 400
428 429 99
428 440 122
429 425 99
429 428 99
429 439 122
430 431 273
430 432 123
430 465 66
431 404 719
431 430 273
431 451 66
431 457 279
432 430 123
432 434 47
432 484 67
433 434 51
433 435 52
433 441 200
434 432 47
434 433 51
434 482 411
435 433 52
435 436 90
436 333 22
436 435 90
437 424 111
438 425 111
439 429 122
440 428 122
441 433 200
441 483 211
442 384 30
442 427 211
442 443 40
443 419 197
443 421 51
443 442 40
444 445 155
444 448 100
444 586 153
445 444 155
445 446 173
445 583 300
446 445 173
446 447 371
447 388 296
447 446 371
447 450 350
448 387 34
448 444 100
448 582 99
449 450 57
449 451 41
449 468 155
450 447 350
450 449 57
450 472 74
451 431 66
451 449 41
452 453 57
452 454 74
452 491 92
453 452 57
453 467 27
454 452 74
454 455 155
454 475 133
455 454 155
455 456 233
456 455 233
456 457 159
456 458 124
457 431 279
457 456 159
458 456 124
458 459 148
459 458 148
459 460 107
460 459 107
460 461 78
460 481 132
461 460 78
461 462 66
461 479 115
462 461 66
462 463 77
462 480 115
463 462 77
463 464 56
463 486 116
464 463 56
464 465 67
464 485 107
465 430 66
465 464 67
465 484 115
466 467 129
466 471 135
466 609 289
467 453 27
467 466 129
467 506 8
468 449 155
468 469 129
468 474 140
469 468 129
469 470 137
469 500 388
470 469 137
470 471 139
470 513 355
471 466 135
471 470 139
471 608 314
472 450 74
472 473 66
472 474 144
473 472 66
473 583 223
474 468 140
474 472 144
474 498 297
475 454 133
475 476 291
475 488 222
475 491 116
475 492 213
476 475 291
476 487 233
477 235 186
477 478 113
478 477 113
478 487 99
479 461 115
479 480 66
479 481 78
480 462 115
480 479 66
480 486 66
481 460 132
481 479 78
481 482 46
482 434 411
482 481 46
482 483 44
483 441 211
483 482 44
484 432 67
484 465 115
484 485 66
485 464 107
485 484 66
485 486 66
486 463 116
486 480 66
486 485 66
487 476 233
487 478 99
488 212 100
488 475 222
489 490 88
489 492 167
490 212 155
490 489 88
490 792 139
491 452 92
491 475 116
491 492 172
492 475 213
492 489 167
492 491 172
492 504 34
493 494 115
493 497 389
493 1183 90
493 1189 211
494 493 115
494 495 189
494 1178 124
494 1181 222
495 494 189
495 496 200
495 1050 140
496 495 200
496 497 107
496 1029 188
496 1054 132
497 493 389
497 496 107
497 1048 90
497 1180 189
498 474 297
498 499 64
498 583 155
499 498 64
499 500 58
499 5050 40
500 469 388
500 499 58
500 513 144
501 502 100
501 512 155
501 791 224
502 501 100
502 503 93
502 639 125
503 502 93
503 780 95
504 492 34
504 505 451
505 504 451
505 780 348
506 467 8
506 507 206
506 773 83
507 506 206
507 508 301
507 773 177
507 783 158
507 786 33
508 507 301
508 509 342
508 5077 26
509 508 342
509 510 77
509 785 33
510 509 77
510 511 201
510 791 183
511 510 201
511 512 83
512 501 155
512 511 83
512 825 37
513 470 355
513 500 144
513 608 111
514 192 126
514 193 192
514 1152 111
515 374 195
515 516 280
515 517 144
516 515 280
516 522 81
517 375 189
517 515 144
517 524 133
517 525 206
518 519 182
518 520 129
518 537 129
518 539 116
519 518 182
519 552 445
520 518 129
520 521 142
520 528 165
521 520 142
521 522 60
521 525 124
522 516 81
522 521 60
522 523 242
523 522 242
523 5041 81
524 409 206
524 517 133
524 526 133
524 528 206
525 517 206
525 521 124
525 528 133
526 524 133
526 527 99
526 530 107
526 533 211
527 410 100
527 526 99
527 531 211
528 520 165
528 524 206
528 525 133
528 529 122
529 528 122
529 530 99
529 539 99
529 540 211
530 526 107
530 529 99
530 535 200
531 413 107
531 527 211
531 532 201
531 533 90
532 396 83
532 531 201
532 534 123
532 578 211
533 526 211
533 531 90
533 534 200
533 535 116
534 532 123
534 533 200
534 536 99
534 544 200
535 530 200
535 533 116
535 536 200
535 540 90
536 534 99
536 535 200
536 541 99
536 542 211
537 518 129
537 538 156
537 554 94
538 537 156
538 539 111
538 545 100
539 518 116
539 529 99
539 538 111
540 529 211
540 535 90
540 541 211
540 545 107
541 536 99
541 540 211
541 543 200
541 546 99
542 536 211
542 543 90
542 544 115
543 541 200
543 542 90
543 580 88
544 534 200
544 542 115
544 578 99
544 579 100
545 538 100
545 540 107
545 546 211
545 553 99
546 541 99
546 545 211
546 547 101
546 550 222
547 546 101
547 548 311
547 563 88
547 568 156
548 547 311
548 549 99
548 564 206
548 566 111
549 548 99
549 580 99
550 546 222
551 240 278
551 552 314
551 569 791
551 577 66
552 519 445
552 551 314
553 545 99
553 554 83
553 563 100
554 537 94
554 553 83
554 567 115
555 556 115
555 557 196
555 625 173
556 555 115
556 623 132
556 636 203
557 555 196
557 559 101
557 585 298
558 559 6
558 560 34
558 584 258
559 557 101
559 558 6
560 558 34
560 561 92
560 621 74
561 560 92
561 562 121
561 620 41
562 561 121
562 564 118
562 565 140
563 547 88
563 553 100
563 567 123
564 548 206
564 562 118
564 610 202
565 562 140
565 566 107
565 584 255
566 548 111
566 565 107
566 581 99
566 587 255
567 554 115
567 563 123
567 568 94
568 547 156
568 567 94
568 610 101
569 551 791
569 622 784
570 571 311
570 572 183
570 754 337
570 770 281
571 570 311
571 576 47
571 4957 287
572 570 183
572 674 132
573 574 225
573 575 124
573 734 157
574 573 225
574 699 189
574 733 90
575 573 124
575 576 204
575 4971 46
576 571 47
576 575 204
576 4972 183
577 240 282
577 551 66
577 671 99
577 673 200
578 397 99
578 532 211
578 544 99
579 399 206
579 403 100
579 544 100
579 580 198
580 386 111
580 543 88
580 549 99
580 579 198
581 386 107
581 566 99
581 582 244
582 448 99
582 581 244
582 587 107
583 445 300
583 473 223
583 498 155
583 590 158
584 558 258
584 565 255
584 585 88
584 587 91
585 557 298
585 584 88
585 586 144
585 592 66
586 444 153
586 585 144
587 566 255
587 582 107
587 584 91
588 589 378
588 592 33
588 627 74
589 588 378
589 590 165
589 594 99
590 583 158
590 589 165
590 591 355
591 590 355
592 585 66
592 588 33
592 593 49
593 592 49
594 589 99
594 595 146
594 628 189
594 629 82
595 594 146
595 596 16
595 630 123
596 595 16
596 634 194
597 598 204
598 597 204
598 599 50
598 605 195
598 634 116
599 598 50
599 600 100
599 604 82
600 599 100
600 601 89
600 603 83
601 600 89
601 602 83
602 601 83
603 600 83
604 599 82
605 598 195
605 606 116
605 774 86
606 605 116
606 607 108
606 608 123
607 606 108
608 471 314
608 513 111
608 606 123
608 609 144
609 466 289
609 608 144
609 772 133
610 564 202
610 568 101
610 611 81
611 610 81
612 613 57
612 614 34
612 1450 54
613 612 57
613 1453 77
613 1454 33
614 612 34
614 619 96
615 616 20
615 617 50
616 615 20
616 843 20
617 615 50
617 618 85
617 1486 244
618 617 85
618 619 11
618 1478 278
619 614 96
619 618 11
620 561 41
621 560 74
622 569 784
622 723 67
623 556 132
623 624 99
623 632 200
624 623 99
624 625 100
624 628 99
624 629 189
625 555 173
625 624 100
625 626 100
626 625 100
626 627 91
627 588 74
627 626 91
627 628 188
628 594 189
628 624 99
628 627 188
629 594 82
629 624 189
629 632 99
630 595 123
630 631 107
630 635 100
631 630 107
631 632 135
631 633 196
631 651 181
632 623 200
632 629 99
632 631 135
632 636 214
633 631 196
633 634 307
633 650 133
633 653 83
634 596 194
634 598 116
634 633 307
634 809 266
635 630 100
636 556 203
636 632 214
636 652 88
636 724 15
637 638 391
637 727 233
638 267 807
638 637 391
639 267 396
639 502 125
639 640 235
640 639 235
640 641 103
640 642 136
641 640 103
642 640 136
642 643 92
642 791 119
643 642 92
643 644 58
643 645 77
644 643 58
645 643 77
645 646 122
645 785 356
646 645 122
646 647 122
646 813 189
647 646 122
647 648 107
647 655 100
647 804 330
648 647 107
648 649 359
649 648 359
649 650 45
649 654 49
650 633 133
650 649 45
650 651 255
651 631 181
651 650 255
652 636 88
652 727 119
653 633 83
654 649 49
654 655 266
654 657 116
655 647 100
655 654 266
655 656 107
656 655 107
656 657 244
656 811 107
657 654 116
657 656 244
657 812 107
658 659 76
658 660 112
658 681 109
658 2321 77
659 658 76
659 666 115
659 714 66
660 658 112
660 667 74
660 685 25
661 662 41
662 661 41
662 663 84
662 679 72
663 662 84
663 664 125
663 679 56
664 663 125
664 665 119
664 688 144
665 664 119
665 666 157
665 691 99
666 659 115
666 665 157
666 711 174
667 660 74
667 668 99
667 687 200
668 667 99
668 669 107
668 717 200
669 668 107
669 670 99
669 709 189
670 669 99
670 671 107
670 708 200
671 577 99
671 670 107
671 672 200
672 671 200
672 673 91
672 708 99
673 577 200
673 672 91
673 700 111
674 572 132
674 675 24
674 732 392
675 674 24
675 676 57
675 677 165
676 675 57
677 675 165
677 678 140
678 677 140
678 723 116
679 662 72
679 663 56
679 688 91
680 681 89
680 682 34
681 658 109
681 680 89
681 2321 67
681 2332 99
682 680 34
682 683 99
682 2341 155
683 682 99
683 684 99
683 2328 400
684 683 99
684 685 163
684 687 83
684 722 200
685 660 25
685 684 163
685 686 192
686 685 192
687 667 200
687 684 83
687 717 99
687 719 211
688 664 144
688 679 91
688 690 99
689 690 99
689 695 111
689 713 66
690 688 99
690 689 99
690 691 111
691 665 99
691 690 111
691 695 99
692 693 150
692 2316 198
692 2319 100
693 692 150
693 694 27
693 2314 33
694 693 27
694 713 34
695 689 111
695 691 99
695 711 41
696 697 132
696 702 100
696 706 189
696 710 107
697 696 132
697 698 191
698 697 191
698 699 107
698 706 107
698 733 200
699 574 189
699 698 107
699 700 300
700 673 111
700 699 300
700 701 140
701 700 140
702 696 100
702 708 111
703 704 57
703 707 200
703 744 99
704 703 57
704 705 50
704 735 88
705 704 50
705 706 211
705 733 99
706 696 189
706 698 107
706 705 211
706 707 90
707 703 200
707 706 90
707 710 200
707 720 99
708 670 200
708 672 99
708 702 111
708 709 99
709 669 189
709 708 99
709 710 211
709 717 107
710 696 107
710 707 200
710 709 211
710 718 99
711 666 174
711 695 41
711 712 33
712 711 33
712 713 122
712 716 66
713 689 66
713 694 34
713 712 122
714 659 66
714 715 100
714 2322 123
715 714 100
715 716 88
715 2323 140
716 712 66
716 715 88
716 2314 77
717 668 200
717 687 99
717 709 107
717 718 211
718 710 99
718 717 211
718 719 99
718 720 200
719 687 211
719 718 99
719 721 200
719 722 77
720 707 99
720 718 200
720 721 99
720 744 200
721 719 200
721 720 99
721 745 189
721 768 83
722 684 200
722 719 77
722 768 211
723 622 67
723 678 116
723 724 100
723 725 100
724 636 15
724 723 100
725 723 100
725 726 55
726 725 55
726 727 23
727 637 233
727 652 119
727 726 23
727 846 341
728 729 123
728 845 16
729 728 123
729 752 355
730 731 102
730 846 13
731 730 102
732 674 392
733 574 90
733 698 200
733 705 99
733 735 167
734 573 157
734 735 108
735 704 88
735 733 167
735 734 108
736 737 78
736 738 214
736 2412 122
737 736 78
737 750 75
737 2348 211
737 2365 82
738 736 214
739 740 37
739 741 59
739 4920 66
739 4985 25
740 739 37
741 739 59
741 742 44
742 741 44
742 4922 70
743 744 133
744 703 99
744 720 200
744 743 133
744 745 99
745 721 189
745 744 99
745 746 88
745 747 75
746 745 88
747 745 75
747 748 133
747 749 99
747 768 188
748 747 133
749 747 99
749 750 213
749 2328 188
749 2348 107
750 737 75
750 749 213
750 751 74
751 750 74
752 729 355
752 753 389
752 888 1165
752 924 215
753 752 389
753 766 133
753 942 66
754 570 337
754 755 135
754 761 82
755 754 135
755 756 125
755 760 104
756 755 125
756 757 78
756 760 44
757 756 78
757 758 85
757 759 57
758 757 85
759 757 57
760 755 104
760 756 44
760 761 89
761 754 82
761 760 89
761 762 146
762 761 146
762 763 323
762 769 89
762 2429 132
763 762 323
763 764 120
764 763 120
764 765 122
764 944 334
765 764 122
765 766 33
765 942 145
766 753 133
766 765 33
766 767 150
767 766 150
768 721 83
768 722 211
768 747 188
768 2328 99
769 762 89
769 770 399
769 2421 99
770 570 281
770 769 399
770 2422 198
770 4955 133
771 772 24
771 773 140
771 779 122
772 609 133
772 771 24
772 777 272
773 506 83
773 507 177
773 771 140
774 605 86
774 775 92
774 809 99
775 774 92
775 776 74
775 777 133
776 775 74
777 772 272
777 775 133
777 778 122
777 804 132
778 777 122
778 779 280
778 795 100
779 771 122
779 778 280
779 783 45
780 503 95
780 505 348
780 781 142
780 806 656
780 807 146
781 780 142
781 782 302
781 799 57
782 781 302
782 792 139
783 507 158
783 779 45
783 787 55
784 785 66
784 815 55
784 5076 28
785 509 33
785 645 356
785 784 66
786 507 33
787 783 55
787 788 78
787 796 55
788 787 78
789 790 4
789 5075 42
790 789 4
790 5076 322
790 5077 72
791 501 224
791 510 183
791 642 119
792 490 139
792 782 139
793 794 46
793 835 200
794 793 46
794 800 19
795 778 100
795 796 225
795 805 116
796 787 55
796 795 225
796 5075 26
797 798 92
797 799 190
797 831 67
798 797 92
799 781 57
799 797 190
799 830 55
800 794 19
800 874 226
800 875 318
801 802 156
802 801 156
802 803 131
802 854 101
802 855 78
803 802 131
804 647 330
804 777 132
804 805 222
804 809 200
805 795 116
805 804 222
805 815 37
806 265 54
806 780 656
807 780 146
807 808 35
808 807 35
808 824 240
809 634 266
809 774 99
809 804 200
809 810 123
810 809 123
810 811 100
810 812 144
811 656 107
811 810 100
812 657 107
812 810 144
813 646 189
813 814 93
813 815 167
814 813 93
815 784 55
815 805 37
815 813 167
816 817 177
816 856 322
817 816 177
817 818 190
817 858 99
818 817 190
818 819 82
819 818 82
819 820 90
819 821 75
819 858 189
820 819 90
821 819 75
821 822 201
821 851 82
821 865 211
822 821 201
822 823 56
822 850 99
823 822 56
824 808 240
824 861 160
825 512 37
826 827 111
826 828 207
826 848 122
826 850 91
827 826 111
827 829 206
827 830 55
828 826 207
828 829 122
828 849 100
829 827 206
829 828 122
829 831 67
830 799 55
830 827 55
830 850 199
831 797 67
831 829 67
831 4896 90
832 214 311
832 833 92
833 832 92
833 842 150
834 191 319
834 842 134
835 793 200
835 842 82
836 837 300
836 841 452
837 836 300
837 842 113
838 839 242
839 838 242
839 840 380
839 1147 553
840 839 380
840 1150 206
841 836 452
841 1155 841
842 833 150
842 834 134
842 835 82
842 837 113
843 616 20
843 844 20
843 1448 112
843 1450 209
844 843 20
844 1498 260
845 264 340
845 728 16
845 847 843
845 886 422
846 727 341
846 730 13
846 847 331
847 845 843
847 846 331
848 826 122
848 849 222
848 852 112
849 828 100
849 848 222
849 853 118
850 822 99
850 826 91
850 830 199
850 851 204
851 821 82
851 850 204
851 852 142
851 854 224
852 848 112
852 851 142
852 853 165
852 855 100
853 849 118
853 852 165
854 802 101
854 851 224
854 865 99
854 4897 101
855 802 78
855 852 100
855 4923 99
856 816 322
857 858 111
858 817 99
858 819 189
858 857 111
858 865 99
859 860 232
859 875 169
859 905 213
859 908 112
860 859 232
860 899 173
861 824 160
861 863 210
862 265 163
862 863 189
863 861 210
863 862 189
863 864 77
863 892 164
864 863 77
864 900 73
865 821 211
865 854 99
865 858 99
865 4898 122
866 867 155
866 903 140
867 866 155
867 873 45
868 263 158
868 869 78
868 885 139
869 868 78
869 870 67
869 872 144
870 869 67
870 871 133
871 870 133
871 872 66
872 869 144
872 871 66
872 873 91
873 867 45
873 872 91
873 904 67
874 800 226
874 908 215
875 800 318
875 859 169
876 877 125
876 880 22
876 1335 207
876 1341 67
877 876 125
877 878 90
877 1331 60
878 877 90
878 879 47
879 878 47
879 4936 389
880 876 22
880 916 290
881 882 41
882 881 41
882 4936 190
883 884 132
883 885 143
884 883 132
884 887 81
884 891 119
884 920 111
885 868 139
885 883 143
885 904 111
886 845 422
886 887 15
887 884 81
887 886 15
888 752 1165
888 889 137
888 923 83
888 47062 55
889 888 137
889 4892 147
890 891 210
890 4892 538
891 884 119
891 890 210
892 863 164
892 893 121
893 892 121
893 901 358
894 895 38
894 952 267
895 894 38
895 47039 616
896 897 397
897 896 397
897 898 33
897 918 420
897 1417 217
898 897 33
898 1416 180
899 860 173
899 900 165
900 864 73
900 899 165
901 893 358
901 902 92
902 901 92
902 903 352
902 950 287
902 956 44
903 866 140
903 902 352
903 920 33
904 873 67
904 885 111
904 948 170
905 859 213
905 913 162
906 907 162
906 908 36
907 906 162
907 912 195
908 859 112
908 874 215
908 906 36
908 915 86
909 910 52
909 911 102
909 952 74
909 1416 100
910 909 52
910 914 115
910 951 92
910 953 113
911 909 102
911 912 232
912 907 195
912 911 232
913 905 162
913 914 231
914 910 115
914 913 231
915 908 86
915 917 234
916 880 290
916 917 113
917 915 234
917 916 113
918 897 420
918 919 91
919 918 91
920 884 111
920 903 33
921 922 111
921 932 278
921 2748 140
922 921 111
922 923 68
922 2666 363
923 888 83
923 922 68
923 4984 321
924 752 215
924 925 99
924 940 212
925 924 99
925 926 98
925 2640 195
926 925 98
926 927 90
926 2641 202
927 926 90
927 928 116
927 2655 204
928 927 116
928 929 94
928 2656 193
929 928 94
929 930 96
929 2657 195
930 929 96
930 931 389
930 2660 191
930 2689 99
931 930 389
931 932 113
931 2692 132
932 921 278
932 931 113
932 2744 198
933 934 22
933 947 9
933 2637 62
933 2645 46
934 933 22
934 935 189
935 934 189
935 936 222
935 2647 99
936 935 222
936 937 90
936 2641 189
936 2648 99
937 936 90
937 938 55
937 939 177
938 937 55
939 937 177
939 940 82
939 2640 22
940 924 212
940 939 82
940 941 100
941 940 100
942 753 66
942 765 145
942 943 90
943 942 90
944 764 334
944 945 106
945 944 106
945 946 93
945 2428 120
946 945 93
946 947 37
946 2639 38
947 933 9
947 946 37
948 904 170
949 950 87
949 47040 165
950 902 287
950 949 87
951 910 92
951 957 140
952 894 267
952 909 74
953 910 113
953 954 177
954 953 177
954 955 84
955 954 84
955 47040 156
956 902 44
956 957 49
957 951 140
957 956 49
958 959 98
959 958 98
959 960 68
960 959 68
960 977 200
961 962 44
961 977 100
962 961 44
962 964 256
962 971 322
962 65030 166
963 964 103
963 970 75
964 962 256
964 963 103
965 966 187
965 1164 357
966 965 187
966 967 403
967 966 403
967 968 479
968 967 479
968 969 304
968 994 200
969 968 304
969 970 54
970 963 75
970 969 54
971 962 322
971 65386 359
972 973 77
972 998 175
973 972 77
973 974 163
974 973 163
974 975 148
974 4932 138
975 974 148
975 976 112
975 4931 177
976 975 112
976 4929 355
976 65021 146
977 960 200
977 961 100
978 979 66
978 993 381
979 978 66
979 1015 59
980 981 120
980 982 207
981 980 120
981 1004 45
982 6 409
982 980 207
983 7 455
983 984 44
984 983 44
984 985 62
984 65217 239
985 984 62
985 5002 62
986 987 188
986 992 122
986 65218 239
987 986 188
987 4926 66
988 989 244
988 990 100
988 65364 678
989 988 244
989 1083 756
990 988 100
990 5004 242
991 992 215
992 986 122
992 991 215
992 5002 397
993 978 381
993 1013 23
994 968 200
995 996 333
995 1001 133
996 995 333
996 998 185
996 1018 236
997 998 333
998 972 175
998 996 185
998 997 333
999 1000 34
999 1002 111
999 1003 422
999 1042 33
1000 999 34
1000 1001 462
1000 1009 378
1001 995 133
1001 1000 462
1001 4899 215
1002 999 111
1002 1016 144
1003 999 422
1003 1005 817
1003 1012 798
1003 1030 288
1004 981 45
1004 1005 33
1005 1003 817
1005 1004 33
1006 1007 333
1006 1008 199
1007 1006 333
1008 1006 199
1008 1009 476
1008 4900 200
1009 1000 378
1009 1008 476
1010 1011 27
1010 1267 166
1011 1010 27
1011 1168 42
1012 1003 798
1012 1013 182
1013 993 23
1013 1012 182
1013 1014 46
1013 1019 264
1014 1013 46
1014 1269 180
1015 979 59
1015 1227 53
1016 1002 144
1016 1018 283
1016 1019 829
1017 1018 222
1018 996 236
1018 1016 283
1018 1017 222
1019 1013 264
1019 1016 829
1020 1021 1078
1020 1090 800
1021 6 49
1021 1020 1078
1021 1024 93
1022 9 384
1022 1085 799
1022 5003 41
1023 1024 138
1023 1041 20
1024 1021 93
1024 1023 138
1024 5008 371
1025 1026 266
1025 1027 57
1025 1075 108
1025 1079 211
1026 1025 266
1026 1028 41
1026 1036 266
1026 1055 115
1027 1025 57
1027 1039 41
1028 1026 41
1029 496 188
1029 1030 37
1029 1031 132
1029 1180 99
1030 1003 288
1030 1029 37
1030 1037 50
1030 1173 517
1031 1029 132
1031 1032 115
1031 1054 188
1032 1031 115
1032 1033 157
1032 1053 200
1033 1032 157
1033 1034 99
1033 1080 256
1034 1033 99
1034 1035 115
1034 1076 255
1035 1034 115
1035 1036 115
1035 1055 266
1036 1026 266
1036 1035 115
1037 1030 50
1037 1038 554
1038 1037 554
1039 1027 41
1039 1040 24
1040 1039 24
1040 5042 60
1041 1023 20
1041 5042 34
1042 999 33
1042 1043 367
1042 1045 323
1043 1042 367
1043 1044 414
1044 1043 414
1045 1042 323
1046 1047 188
1046 1048 90
1046 1186 189
1046 1190 116
1047 1046 188
1047 1049 99
1047 1172 108
1048 497 90
1048 1046 90
1048 1049 189
1048 1184 300
1049 1047 99
1049 1048 189
1049 1180 90
1050 495 140
1050 1051 33
1050 1054 211
1050 1179 56
1051 1050 33
1051 1052 115
1051 1179 60
1052 1051 115
1052 1053 105
1052 1080 168
1052 1102 289
1053 1032 200
1053 1052 105
1053 1054 124
1054 496 132
1054 1031 188
1054 1050 211
1054 1053 124
1055 1026 115
1055 1035 266
1055 1075 277
1055 1076 116
1056 1057 133
1056 1058 108
1056 1113 400
1056 1840 115
1057 1056 133
1057 1074 122
1057 1854 394
1058 1056 108
1058 1059 108
1058 1844 177
1059 1058 108
1059 1060 108
1059 1093 189
1060 1059 108
1060 1061 82
1060 1094 184
1061 1060 82
1061 1062 244
1062 1061 244
1062 1106 33
1063 1064 56
1064 1063 56
1064 1065 110
1064 4939 30
1065 1064 110
1065 1066 72
1066 1065 72
1066 1067 82
1067 1066 82
1067 1181 115
1067 1182 57
1068 1069 166
1068 1070 43
1068 1832 108
1069 1068 166
1069 1181 200
1070 1068 43
1070 1071 12
1071 1070 12
1071 1072 13
1072 1071 13
1072 1073 19
1073 1072 19
1073 1074 111
1073 1833 386
1074 1057 122
1074 1073 111
1074 1843 391
1075 1025 108
1075 1055 277
1075 1077 107
1075 1078 211
1076 1034 255
1076 1055 116
1076 1077 289
1076 1080 107
1077 1075 107
1077 1076 289
1077 1081 107
1077 1082 200
1078 1075 211
1078 1079 91
1078 1082 124
1079 1025 211
1079 1078 91
1079 4979 85
1080 1033 256
1080 1052 168
1080 1076 107
1080 1081 289
1081 1077 107
1081 1080 289
1081 1100 88
1081 1105 50
1082 1077 200
1082 1078 124
1082 1099 115
1083 989 756
1083 1084 54
1083 1087 34
1084 1083 54
1084 1085 777
1084 1086 45
1084 1089 109
1085 1022 799
1085 1084 777
1086 1084 45
1086 1087 59
1086 1088 58
1086 1091 132
1086 7861 33
1086 7876 163
1087 1083 34
1087 1086 59
1087 1088 23
1087 65282 970
1088 1086 58
1088 1087 23
1088 7862 33
1088 63464 105
1089 1084 109
1089 1090 758
1089 1091 57
1090 1020 800
1090 1089 758
1091 1086 132
1091 1089 57
1091 1092 173
1092 1091 173
1092 1098 42
1093 1059 189
1093 1094 124
1093 1109 74
1093 1844 50
1094 1060 184
1094 1093 124
1094 1110 223
1095 1096 198
1095 1097 600
1096 1095 198
1096 5001 545
1097 1095 600
1097 1098 206
1097 1121 107
1097 7878 233
1098 1092 42
1098 1097 206
1099 1082 115
1099 1100 111
1099 4939 42
1100 1081 88
1100 1099 111
1101 1102 191
1102 1052 289
1102 1101 191
1102 1103 66
1102 1104 81
1103 1102 66
1103 1178 46
1104 1102 81
1104 1105 42
1105 1081 50
1105 1104 42
1106 1062 33
1106 1107 33
1107 1106 33
1108 1109 166
1108 1110 99
1108 1113 115
1109 1093 74
1109 1108 166
1109 1844 44
1110 1094 223
1110 1108 99
1111 1112 11
1111 1861 211
1112 1111 11
1112 1114 144
1112 1856 83
1113 1056 400
1113 1108 115
1113 1838 49
1113 5026 55
1114 1112 144
1114 5026 211
1115 1116 88
1115 1117 355
1115 1127 297
1115 1132 113
1116 1115 88
1116 1118 347
1116 1128 297
1117 1115 355
1117 1118 89
1117 1130 100
1118 1116 347
1118 1117 89
1118 1129 57
1119 1120 122
1119 1121 99
1119 1137 99
1120 1119 122
1120 1131 140
1120 1133 181
1121 1097 107
1121 1119 99
1122 1123 86
1122 2066 87
1123 1122 86
1123 2065 33
1124 1125 100
1124 1126 99
1124 1882 144
1124 1911 206
1125 1124 100
1125 1880 39
1126 1124 99
1126 1127 56
1126 1135 45
1127 1115 297
1127 1126 56
1127 1128 88
1128 1116 297
1128 1127 88
1129 1118 57
1130 1117 100
1130 1131 92
1130 1132 339
1131 1120 140
1131 1130 92
1132 1115 113
1132 1130 339
1132 1133 89
1132 1135 322
1133 1120 181
1133 1132 89
1133 1134 314
1133 1136 123
1134 1133 314
1134 1135 88
1134 1140 122
1135 1126 45
1135 1132 322
1135 1134 88
1136 1133 123
1136 1137 107
1136 5044 107
1137 1119 99
1137 1136 107
1138 1139 288
1138 2207 34
1139 1138 288
1139 2070 355
1139 2071 323
1140 1134 122
1140 1141 99
1140 1881 99
1141 1140 99
1141 5044 99
1142 1143 108
1142 1145 99
1142 8440 211
1143 1142 108
1143 1917 69
1143 8441 211
1144 1145 256
1144 2218 82
1144 8430 233
1145 1142 99
1145 1144 256
1145 2275 433
1145 8438 200
1146 203 1285
1147 202 727
1147 839 553
1147 1150 144
1148 196 438
1148 197 236
1148 1149 209
1149 198 89
1149 1148 209
1149 1151 89
1150 201 437
1150 840 206
1150 1147 144
1150 1152 67
1151 196 315
1151 200 247
1151 1149 89
1152 514 111
1152 1150 67
1153 21 219
1153 1343 138
1154 1155 680
1154 1156 187
1155 841 841
1155 1154 680
1155 1326 61
1156 1154 187
1156 1158 278
1157 1158 148
1157 1231 108
1157 1232 256
1158 1156 278
1158 1157 148
1158 1159 215
1158 1220 394
1159 1158 215
1159 1160 136
1159 1233 112
1160 1159 136
1160 1161 191
1160 1234 174
1160 1236 210
1161 1160 191
1162 1163 407
1163 1162 407
1163 1167 15
1163 1177 51
1164 965 357
1164 1216 22
1165 1166 198
1165 1167 37
1165 1213 32
1166 1165 198
1167 1163 15
1167 1165 37
1167 4981 19
1168 1011 42
1168 1169 96
1168 1275 101
1169 1168 96
1169 1170 66
1170 1169 66
1170 1171 54
1171 1170 54
1171 1172 198
1171 1203 189
1172 1047 108
1172 1171 198
1172 1173 333
1172 1190 189
1173 1030 517
1173 1172 333
1174 1175 41
1174 1217 173
1175 1174 41
1175 4935 89
1176 1177 74
1176 1219 48
1177 1163 51
1177 1176 74
1178 494 124
1178 1103 46
1178 1179 112
1178 1182 176
1179 1050 56
1179 1051 60
1179 1178 112
1180 497 189
1180 1029 99
1180 1049 90
1181 494 222
1181 1067 115
1181 1069 200
1181 1189 116
1182 1067 57
1182 1178 176
1183 493 90
1183 1184 88
1183 1188 19
1184 1048 300
1184 1183 88
1184 1185 82
1185 1184 82
1185 1186 111
1186 1046 189
1186 1185 111
1186 1192 63
1187 1188 200
1187 1189 99
1187 1201 99
1187 1835 377
1188 1183 19
1188 1187 200
1188 1202 82
1189 493 211
1189 1181 116
1189 1187 99
1189 1832 389
1190 1046 116
1190 1172 189
1190 1191 200
1190 1203 198
1191 1190 200
1191 1192 52
1191 1200 198
1192 1186 63
1192 1191 52
1193 1194 108
1193 1200 222
1193 1278 99
1193 1847 188
1194 1193 108
1194 1195 77
1194 1846 200
1195 1194 77
1195 1196 139
1195 1197 21
1196 1195 139
1197 1195 21
1197 1198 82
1197 1845 200
1198 1197 82
1198 1199 166
1198 1202 24
1199 1198 166
1200 1191 198
1200 1193 222
1200 1203 200
1200 1211 190
1201 1187 99
1201 1202 200
1201 1836 377
1201 1845 90
1202 1188 82
1202 1198 24
1202 1201 200
1203 1171 189
1203 1190 198
1203 1200 200
1203 1204 199
1204 1203 199
1204 1205 78
1204 1212 44
1205 1204 78
1205 1275 45
1206 1207 42
1207 1206 42
1207 1275 27
1208 1209 41
1208 1210 35
1209 1208 41
1209 1212 13
1210 1208 35
1210 1211 46
1211 1200 190
1211 1210 46
1211 1277 233
1212 1204 44
1212 1209 13
1213 1165 32
1213 5084 156
1214 1215 336
1214 1220 133
1215 1214 336
1215 1216 556
1216 1164 22
1216 1215 556
1217 1174 173
1217 1218 489
1217 1230 115
1217 4976 155
1218 1217 489
1218 1219 124
1218 1224 107
1219 1176 48
1219 1218 124
1219 5016 167
1220 1158 394
1220 1214 133
1221 1222 69
1221 1223 211
1221 1244 206
1222 1221 69
1222 1237 75
1223 1221 211
1223 1224 140
1223 1229 478
1224 1218 107
1224 1223 140
1225 1226 67
1225 1228 175
1225 1243 68
1225 1250 122
1226 1225 67
1226 1229 133
1226 1243 8
1227 1015 53
1227 1228 23
1228 1225 175
1228 1227 23
1229 1223 478
1229 1226 133
1229 1230 140
1230 1217 115
1230 1229 140
1231 1157 108
1231 1247 75
1232 1157 256
1232 1233 190
1232 1246 33
1233 1159 112
1233 1232 190
1233 1237 65
1234 1160 174
1234 1235 209
1234 1237 129
1235 1234 209
1235 1236 181
1236 1160 210
1236 1235 181
1236 4934 229
1237 1222 75
1237 1233 65
1237 1234 129
1238 1239 145
1238 1240 229
1239 1238 145
1239 1356 71
1240 1238 229
1240 1248 245
1241 1242 223
1241 1243 71
1242 1241 223
1242 1248 344
1243 1225 68
1243 1226 8
1243 1241 71
1243 1252 24
1244 1221 206
1244 1245 115
1244 1246 177
1245 1244 115
1246 1232 33
1246 1244 177
1247 1231 75
1247 1357 50
1248 1240 245
1248 1242 344
1249 1250 122
1249 1251 34
1249 1292 119
